3
3
50
50
11111111111111111111111111111111111111111111111111
10001000001000101001010010101010101010101010000101
10000000001100000000010000000000101000001000000101
11011111000000100001000010101000001010001011000001
10001000001000000111000010111001100011011010000101
11011000001101100101100111100000001010001111011101
10001110011000100100000000000000101011000001000001
10000000001000100001000001110101111000000000001101
10101000001010100101001000100000001010001001000101
11111011111111111101111111111111111111111111111111
10010001001010100100010010101000010101000000000001
10010000001010100000010010001000010101000000000001
10011000000010000110110010000001110100011110111111
10010001001010000000010011011001010001010100010001
10011001100010100100010000001000010000000000011011
10010000001011110101110010000001010101010001000001
10010000001000010000010011010111110101110011111011
10011111011110010010010010000100010101010001010001
10010000000010000000010011001110110101000000010001
10011010000000010010010010000000000101010000010001
10000000110111011110110000000000000101110011000011
10010000100010010000000000100100010101000001010001
10010100100010000110111101111111111101111111111111
10011101110110010100010100010001000000100001001001
10000000000010010000010000011000000010110011001001
10010000000010010101010110000001101110000001001001
11111010111111111111110100010001000010000000001001
10001000001000000000010110111111000000001001001001
11011000001000000000010100100001100111011011111001
10001101011100111111110100110011000010000000001001
11011000001000010000010100000001100110000100001001
10001100111010011001110100100001000010000001011001
11011000100010010000010100001011000011001100001001
10001000001010000000010100100001010010000100001001
10000000100000000011110111101011111110101111111001
10000001111010010001010100000001010010100100001001
11011000001010010000010110000011010000000000001001
10001000001000000101010100010000010010000110011001
11111111111101101111110111110111000000010000001001
10100101010100000000010101010001010000000100001001
10000000010100000000010100011011000101111100001001
10000100010111111101110100000001010000000111011001
11001101000100000001010100010001010000000100001001
10000100010100000000011110111111111111011111111001
11111110110001101111010100000100100101001010000001
10000100010100100101010111000000100000000011011001
10000000110000000001010101000000100001001010000001
11000000000100100100000000000100001000001000011001
100001000101001001010101010101001000010010100010-11
11111111111111111111111111111111111111111111111111
