3
3
50
50
11111111111111111111111111111111111111111111111111
10010000000000000000010000001000001010010010000101
10011101111110111111111111011110000000000011000001
10000101001010100010010001001000000010000000000101
10010000000000000110010001001000001010010010000001
10010101001010100010011000001001001010010010100101
10011111011111101110000001001111111110011111111111
10010010001001000010010000001010100010001010100101
10010000101000010110011110000000110111000010000001
10010010000001000010010000000000000000001010000001
10010010101001000000011001111010110000000011001101
10010011111011000010010000001010000010001010000101
10010010010001100000010110011111011011111111010111
10010010000001000010010000001000000010001010000001
10010010000011000010010000001101110000001011010111
10000000010001001010011011111000100000000010000001
10010011111101011110010000101100000010001000001001
10010010000000000010011011101000100010001000011001
10011111111011011111110000001101110110100010000001
10010000000000000000000000001000100000001011011001
10010000000000000000010100101000100000001000001001
11110111111111111111111111111111111111111101111111
10000000001000000000000100101000101001000000000001
10000000000000000000000100001101100001000011011011
11111101000010111111111100001000000000010110010001
10000000001000001000000100001101110000000010000001
11100110001000001100111110011000000001000010000001
10100011011110111000010100000000110111011110011011
10000000001000000000000100001000100000000010010001
10000011011001000001000100001101101000000011110111
10000000001000001000010110011000100001110110000001
11011101111001001000010100001101101000100010001001
10001000001111101111011111011000101000100011000001
11011110111010000000000100001000111011110000001001
10001000001000011001100100001000100000100011001111
11000001001000000000100100000001100000100010000001
10000000001101110000000111011000111010111111011011
10001001001000010100100100001000100000000010000001
11011111111111111101111111111111111111010111111111
10001001001010010001000100100100101010000100000001
11011001000000011000001100100000000000101100000001
10001000001000000000000100100100000010000001011111
11011001001100000001100000100100100011011100000001
10000000001000010000000000100110110110000100000001
10001100111000011010111100000000010011011111011111
11011000000001110000000100000100000010000101000101
10001000011001011011000100100101010000000100000001
11000010001000010000001100111111110111000001100001
100010100010010100010001001000000000100001010001-11
11111111111111111111111111111111111111111111111111
