3
3
50
50
11111111111111111111111111111111111111111111111111
10101000100010000001010000000101010010100000000101
10100000110110000001011110011101000000100000000101
10000001100011001100010100010101000010111111011101
10101000100010000101010000000101101011101000010001
11101110000110000001010101010001000000000001000101
10000100100000000101010001011101000000101000010101
10000000100011100111110100000101111001100010000101
10000000110110000000010000000001001000101000010101
11101011100010000000011001111101000001101000010101
10001000100011111010110000000101000000001101110001
11011101110110100010010000011101000000100000010101
10000000100010000000010010000100010111110000000101
10001000100010000000010010000101000000100010010101
11101101110110100010011111101101111011110111111101
10000000100011100111110000000100000000000000000101
10000000000110000000010000000101000000000000000101
11011101100010000010111011101111111111111111111101
10000100100011011000010010100100101010010000000101
11000000100010001110110010000000100000000000000101
10000000110000001000010010000100100010000011111101
10000100100011011000000011011100000111110001010101
11110101110110001001010000010100100000011000000101
10000100100011101011110010000000100000010000000101
10000100100010000001010010010000110101110001101101
11000000110110010000000010010100000000011011000101
10000000100010000000010000011111110000010001000101
10000000100010010001010010000000100010011111011101
11101011101010000001010010000000100010010000000101
10000000111111101111111111111101111111111111111111
10000000100000101010000000101000010100010101010001
11010111100000100011110101101000010100000100000011
10000100111100001010100000001000000000110101010001
10100100101000101010000000101101110100000111011111
10000000100000101010100000101000010110100000001001
10000100100000000000110101101110011100100100001001
11011111100000101010100000101000000100100110000001
10010100110101111110000000101000000100100100000001
10000000100000000011010111100011101100000000001001
10010100100000000010000000001000100100000101001001
11110101110110111110000000001000000111011111011111
10010100100000100011110110111101100101010010000101
10010000100000110110100000001000000101000000100001
10000000111001100010000001001111011101010010100101
10000100100000110000110011001010010000010110000111
11101101100000100010000000000000010101000000100001
10101000111010000110000001001000010100000000110111
10000000100000000011010111111100000101001101100001
101010101000001000100000000010000101010010001000-11
11111111111111111111111111111111111111111111111111
