3
3
50
50
11111111111111111111111111111111111111111111111111
10000100001001000101000000100010010101010001010001
10000110111000000001110101110110000100000011011011
11101100000001000101010000100010010000000000000001
10100100001001101100000000110000000110110001000011
10000001011111000000000010000010010100011000010001
10000101001001000101010010111011111100010000000001
11001101001001110111111011100000000111111110101111
10000100001001000010001010000000000101001000100001
10000101000001000011000010111011101100001100001011
10000100001000010110000000100000100001000000100001
11001110101111000010000010100000000111000001100001
10000100100101110000110000110011100101001000001011
10000100000001000010000010100000000100001000100001
10100100100101000010000010100000100101001010100001
11101111111111101111111111110111111111111111111111
10000100100100000100000000000000000000101010010101
11101100000000110100000000000000000000100000000001
10000100100100010111111110111111111011101010010101
11001100100100010100100000101001001000111010000001
10000111111110110000110010001000001101100000010101
10000100101010010100000010100001001000100000000001
10000100100000000100100010101101011101111111101011
11011100101000010100000000100000000000100000000001
10000100001100110100100010101000000000001011111101
10000100101000010110111111111111110111100010010101
11101110111111111100000010000001010100110000000101
10000100000000100111100110000001000000100010000101
10000100000000100100000011100111010000100010010101
11001111111001100111110110000001000011110000011101
10000100100000100100000011011000010010100010000001
10100100110010000100000010001000010000100010000101
10000100100000100110110110000001010000110111101111
10000100001101100100100000101000010010100000000001
11010000000000100000000011111110111011100000000001
10000100100000100100100010001010100000111111001111
10000100110111100100110110000000000000001010000101
10100100100000100100000000000000000100100000000001
11101111101110111100100010001010100100101000100101
10100101000100100111111111111111111111101101111111
10100101000100000101000010001010001010001001001001
10000100001100000101000010001000011000000000000001
10000101000100000101101111000000000000000001000001
11001111001110011100000000001010000010001111010111
10000100000100000101000000011111010111011000000001
10000100000100100101100110000010010010001000100001
11001110100000100100000011010110000011011101101001
10000100000100000101100110000010010010001000001011
100001000001001001010000100000100100100010001000-11
11111111111111111111111111111111111111111111111111
