3
3
50
50
11111111111111111111111111111111111111111111111111
10000000000000000000000000010010100001010001001001
11111111011111110111111111110000001011011011000001
10101000001001010001010100010000100000000000000001
10001111011000011000000110111101100001000000001001
10001010000001010001010100010000100001010001001001
11011000000001011001000100011001111011111111101111
10001000101000010000010000110000101000101010000001
11011101111111010000010100000101100001101010010001
10000000101001011110111110110000100000001000000011
11000000000001010000000100010000101101100010010001
10001000101001010000000110111011101000100010000001
10001101111011111011101100010010111110110000101111
11011001000010000001000100010000100010100010101001
10001001100000000101101100010000100000100010000001
11011000000010010100000110110000110000000110100001
10001000000010010000000000011101100010100010101001
10001001010010010001010100010000110111111110111111
11111101111111111011111111000011100101010100000101
10001001000010010000101000010000100100000001101101
11011000000010011001100001111101100101010100000101
10001001110110000000100001010000000111011100000101
11011001010010010000001000011101100000000110010001
10001001000010000101100000010000100000000100000101
11011000010000010000110110110000100100100100100101
10000010111000110111100000010000110101111100000101
10001000100010100010100000011001100000000100000101
11011000110110000000100001010000100000000001011101
10001100000010100010110101111101101011001100010101
11000000100010110000000000010000101010000110000101
10001000101010100010000000010000101010000100010001
11111111111110111111011111111111111111110111011101
10000010001010001001010010100010100000000000000001
11010111011010000000000000000000111011111111111011
10000010001011011000010000000000100000000000000001
10000011000010001000010010000010100000000000000001
10000010001000000010111110011111111011111101111111
11010111000011011000010100010000100000000000000001
10010010001010000000010110000011111111111101110111
10000011011111110111110000010010100101000000010101
10000010000010100101010100010000100001000000010001
11100110110000000100010110000000100001111001110001
10000000100000100000010000011101110011010000011011
11010110111001100000110110110000100001011010000001
10000010100000100100010100010000101001010000011011
11110110100000100110111101111101100001010000110001
10010010100100100100010000101000100001000100000011
10000010001110111100000000000001110000000110110001
100100101000000001010100101010001000010100000100-11
11111111111111111111111111111111111111111111111111
