3
3
50
50
11111111111111111111111111111111111111111111111111
10100101001010100010101010001000010001010100101001
10000100000000110110000011011000000011000000000001
10100100000010100010001010001101110001000100101001
10100001001010100011001110001000010001101110111111
10100111011110110000000010001101011111000000001001
10000000000010000010000000011000000101000000001001
10100110011110000010000010000000000001110111000001
10100100000100110111001111011000100101010101001001
10100100000000100010001000000011110111010001001001
10100100100000100000000011011000000001000001001001
10000100100100101010101010001000000000000000001001
11001111111111111111111111111111111111010001001001
10000010101000100001010100001000010001110111111011
10010000001000100001000100001000010001000000000001
10000000001100001000000110011101000011000000000001
10011001101000000000000000001000000001110110111111
10010000001101100001000000001000010001010000101001
11111101011000100001000100101110011111000101101001
10000100001111111011111111111000000001000000000001
11001100001000000001000001001000001111010000100001
10000100001111011011101011001001000101110100001001
11000001011000000001000001000001000001000000101001
10000101001000000001000001001001010001111001111001
10000000001101101100010001001111011011000000001001
10100001001000100101110000000000010001000000001001
11110011111000100101010001001110111011111111011011
10100010001010000101000011001000010001001000001001
10000000011010100101000001001101111011001101100001
10000110001111110111100111001000000001001001001001
10100010001010010001000001001000011011000000000001
11111011011000000000001111001010010000000000001001
10000000000010010001000001001111010111001000001001
10000100001111111111111011011001010101001110111001
11001110000010010001010000001000000001001000001001
10000100001000000000000000101000010101001110101111
10000000001010000000000100001110110111001000000001
10010001001010010001010100101000000000001000000001
11111011111111111111111111111111111110111111111111
10000000101010101010010010100100000010100001000101
10000100000010000000000000100100000010111011101101
11011100000010101010000010100000111110100000000101
10000100110111101111101011100000001010100001101101
11011100100010000010001010100100000010110100000101
10000100110000000000011000100101000000000001101101
10000000100000011110001000100100001010100001000101
11001100110110010010000000000110111111110111100001
10000100100010000011011000100100000010000000000001
100001001000100100100010001001000000100000000001-11
11111111111111111111111111111111111111111111111111
