3
3
50
50
11111111111111111111111111111111111111111111111111
10100100101000010010101001001001000100001010001001
10000100001000000000101001001000001111011011011001
10000100001101110000001001001001000100001010000001
11011100001000010010100001001001100000001011000001
10000001011100111111101001001000000100101010001001
10000100001000100000101001000010111111111011011011
10100000001101100000101001001000010001000010000001
10100000101000001101101000001000010001001010000101
11111011111101100000101000001001000000001011010001
10100010101000100000101001000000000000000010010101
10110110001000110101100001001110110001001010000101
10100000101010000000100001001000010101001000010101
10000000001111011111110111111111011111111111010111
10100010101000000000000000100010010100101010000001
11101111111110111111110101110000000000001011011011
10000010001000101000100000100010000000001010001001
10010000011100000001111010000000010111011010001001
10010010000000001000101010000011011100000010100001
10010000001110011111100000110110000100100010001001
10011101011000001000101010000010000100001011011011
10000000001000001101111011011110100100101000001001
10000000001110000000101010001011111110111011011001
11101110111000000000100000000010000000001010000001
10100010001000001010101010101010000000001010001001
10000000001111111111111111111111111111111110111111
10000000011000010000000000101000000001010000010001
10100000001100110000000000101111110011000000010001
11111100111000011011111101101001010001010001011011
10001000001001000001000000101000000001111011000001
10000011011000011011000010101001000000001001011011
11011000001000010001110000001111101011000000010001
10000011011110000000000010101010100001000001010001
10001010001000011011100110101010000111100111111111
11001111111000010000000010101000100001000101001001
10001000001001010001000010101010000001100000000001
11000000001101111011111111101010101001000100000001
10001110111000010000100000100011101111000110011001
10001000001000000100110111101010101000001100001001
11000000001100110000000100101000000001000000001001
10001001001000000100000000001000101001000000101001
11111011111000010100100000101101111111111011111111
10000001001111111111111011111000010010000000100001
11110011001000100100000001000001000000101100100001
10100001001000000000000100001000000010100100110111
10000100000000000001011100001000010000000100100001
10000101001000000100000110111000010010100100111011
11000000001110011100000000001100111011100000000001
100001010010000001001001000010000100000001001000-11
11111111111111111111111111111111111111111111111111
