3
3
50
50
11111111111111111111111111111111111111111111111111
10100100101010010001000001001000000100000000000001
10000000001000000011000001001000000100000000000001
10100100001010010001101011001110111111111011101111
11101111011110111000000000000010100100010000001001
10001001001000001001000101001000000110000110000001
10001000001001001000000001000010000100000000001001
11000000001000000001000101000010000100010100001001
10000001001000001001100111110111011111111101111011
10001001001110101111000001000010000001001000001001
10101000001010000101000000000000000100000011000001
11111110111000000001101011001000010001001010001001
10001010001000010101000001001010000111001000000001
10000000001101110111110011111011101101000010100001
11000011011000010001000001001010000101110111100111
10001000001010000001000001000011101100000010100001
11001111011000000011000001001010000101000010000111
10000010001010010001100111101000000101100110100001
10000010001010010001000001000010000101000010100001
11001111111111111111111111111111001111111111111111
10000100001010000001001001001001000010100101010101
10010000001010000001000000000001010010100000000101
10000001000000011111001000001001010010100101010101
10010100001010000101001001000001010010110111011101
11111100111000000000001001001001010010100010000101
10000000001010000101001111001111010010000010100001
11100111111111010111001000000100010010110110100101
10000000001000000001001000000101000000100000000001
11011110111110111011001110110001010010100010100101
10001000001010101001000000000001111111111110101111
10101000001000000001001000000101001001000100000001
10100001000000101001001001101101001001000000011011
10100001001101111011001001000100001000001110000001
10000111001000000001001101101111001001000100011011
10100000001010000001001000000001000011101100010001
11101110111000101100001000011011000000000110011111
10000000001010000101001010000001001000000100001001
10010000001010000001001000011011111101101100000001
10011001111011101011001101110001000000000000100001
10000000001010000001001000010001000000000100101001
10011100111111011111111111111111101111110111111111
10010000001001010001000010010101000100100100101001
10010000011001000011000010010000001100100000100001
10010010001001010001101000010000000100100100101001
10000010001001110011000000011011000100000100001011
11101111011001000001000010000001101100110101100001
10101001001000000001101110111011000000100000100001
10000000001000000101000000000001000100000001110111
101010010010010001010000000100010101001010001000-11
11111111111111111111111111111111111111111111111111
