3
3
50
50
11111111111111111111111111111111111111111111111111
10010100101010101001000010010010010101000000000001
10000000000010000001100110000010000001101011111111
10010100101000100001000000000010010101000001000101
11011111101111110111000010010000110100001100000001
10000100000010000001001000110110000001000101100001
10000110110111000001101110000010000001000101000101
11010000010010001001000010000011011111100001011111
10010100000011011001000011010110000000000100010001
10000101010010000000000010010010000001000110000011
10010001110000110111101110000000110111101100000001
10010101000010000001000010010010000001000100010001
11111111111111011011111111111111111111111111111111
10001010001001010001000100000010000100010001010101
10000010001000000000001111110110000000000000000001
11000000011001000001000101000011100000011011010001
10001000001111100111101100000000100100000000011011
11011101100000000001000000001010000110111011000001
10001000001110011000000000111110100100010001000001
11101011111010000001101100000011110111011111111111
10000001000000011001000100000010100000000101000001
10000000001000001001000110110110001110011101000001
10010001001101111111101100000010001000010101110011
11011011001000000001000101101111000001000001000001
10001000001000000001000100001010001000000100000001
11000001001101011111111101000010001001100001110011
10001001000000000000000101001011011001000101000001
11111111110111101111111111111110001001000101000001
10000010100101000101010010000011111101111111011111
10000010100100000000010011011110000000001001000101
11100000100100000101010010001011101101100000000101
10000010100110101111110011000010101001001001100001
10000000100100000100010000001010000000001000000101
11100110100000010000110011001110100000001110011101
10000010100110000000010010000010100001001000000101
10000010100100010100000111011110000111111100000001
11010110100110110111000100000010100101000000000101
10010010000100010010010100110110100000001111001111
10000010000100010000010100000010100001001000000101
10000010100100000000010000100011111011011100000001
10000010100000000000010100100010000000001000100101
11001110100100011001110001110111111111011110111111
10000010100100010000010100000010000010000010010101
11101011111111111111111111111110000010100010000001
10001010001000010101010101001011110000000000010001
11011000011000010001010000001010000000100000011101
10000000001101110001000001000010000010100010000101
10000011000000000000000000000011111110111111011111
101010100010000100010100010010100000000000000000-11
11111111111111111111111111111111111111111111111111
