3
3
50
50
11111111111111111111111111111111111111111111111111
10000000000000000000000000000000000000000000000001
10000000000000000000000000000000000000000000000001
11111111111111111111111111111111111111111110111111
10000000000000000100000010010010001001000100000001
10000000000000000100000010000000011000000111100111
11111011011111111110101110000000001001100001000101
10000000000000000100000000010011011000000100000001
11111111001111111110000010010010000000000100010101
10101001001000100100010010010000001100111110110111
10001001000000000110111000011100100000000100000001
10100001000000100100000010010100001001000001000001
10101001001101100101110110010001011000001100001001
11111011001000100100000010010000001001000100001001
10000001111010110001000010010100001001000100101001
10000001000010010111111111111111101111111110111111
11110011100110000100000010010010000001010010010101
10000000000000010110110000000000000000010010000101
10000101000010010100000010000010000000010010000001
11100001010010010101001010010011101110110011000001
10000100010111000100000011010000001000010010000101
10000001000000000101000010000010001000010011101111
11111011111111101111100110100011000010110010000001
10001010100001000100100000000110001000010010000001
11011000000111010100000010000011101011000000111011
10000010100001010100000111010110000010010010010001
10000000001000010100100010000010000000000000000011
11011010100001000001110111001110010010010010010001
10001010100001010100000010000010010000010010011011
11101111110111111111111111111111111100111110010001
10001010010010100100000010000010010000000011010111
11000000000000000110011000101110000011010110010001
10001010010010000100000010000010000000000010000001
11111111111110011111011111100111101110001010011011
10000000000100000100010010000010000011000010010001
11010111111100000110110000000010000010001010000001
10010000100110111100000011100000000010000010010001
10000011100100000100010010000011001111010111110011
10000000000110011110011110000010000010000010000001
10010000100100000100000010010010000010000010000001
11011110111100000111111111111111111111110111111011
10000010010100100100010001010101010010000101000001
10000000000100100100011011000000000011000000011011
10100000000001101110110000000101000000000001000001
10100011001100000100010001101100001000000001000001
10101010000110011110000011000001000011110011100111
11101111011100010100010001000001110110100001000001
10000000000000000100010000010111000010000000000011
100000000001010101010101010000010000101001010100-11
11111111111111111111111111111111111111111111111111
