3
3
50
50
11111111111111111111111111111111111111111111111111
10010001010010100101010100000010010000101000101001
10000001010000000000010100000010011001101000100001
10011011000010000100010000111110000000000000000001
10010001010011011101000100001000011101101000110011
10000000000000000001010100000000000000111100000001
10010001010010000101010101001010010000100000100001
11111111111111111111111111111111011111111101111111
10010000000001001000010100100010000100100001010001
10011011111111001000010100000000000100110011011011
10000000010101001101110100100010000000000000000001
10010000010001001000000111111110011100100001011011
10011010000001001000010100101000000100100001000001
10010000010100001010010100000011011110111011010001
10000000000100000011010000101000010100000001011011
10011011010101001000000110111100000100000001010001
10010001010101001100000100000000000111111101011111
10011011110111000000100100001000010100100000000001
10010000000001001000100100001010010100100010110011
11111111111111101011111110011111111100000000100001
10010100101001000000000100000100010100100010100001
10010100100000000000000100000110000000110010000101
10000100100001000111001111101100010100100000110111
10010100110011101100000101000000000100100100100101
10000100100001000110000100000110101100000000100001
10010100100001000100010101010100000100100100100101
10010100001011111100000111110111111110111111111111
10010100100001000111001100000010010000001000000001
10010100100000001100000110111010000000001000000001
10010100000100000100000100000010000001001111100111
10010100111110110111111100001000010001001010100101
10010000100000000100100100001000111111011010000001
10010100100001100000100110111010100100001000100001
10010000110011000100000100001010000000101000001011
10010100100000000000100111011010000000001000100001
10010100100001010100100100001010100100100001111111
11111111111111111101101111111110101111111000001001
10100010100101010000000101000100001000101010000001
10000000100000011010110100001100001000001011011001
10110000100001010000010101000110100000001010000001
10100010111011110000000100000100001000101011100111
10100010000000010110110110111100000001100000000001
10110111100000010000010100000001011001001010000001
10000010110111111011111110010000001000001111101111
10110000100101010000010100000100001001001000000001
10100000000000000110000110111111111111111111011111
10100000100100010100010000010010010101010100001001
10111101111100000000000110000000000000000000000001
101000001000000101000101000100100101010101001010-11
11111111111111111111111111111111111111111111111111
