3
3
50
50
11111111111111111111111111111111111111111111111111
10100101000101001000000010001000010100100001000101
10000000001101000000000000011110110000110011000001
10100101000100001111001110001010000000100001100001
10111101011101001001000010001000011001100001000101
10100100010101001000010000001000000000110111000001
10100000000101001000000011011100110000100001111011
10100110110101001001000010001000011011110111010001
10100000010001000011101111011000010000100001011011
10100100010101001000000010001110111111100001000001
10111111011111111111110111111000000000001011010001
10101010000100000000000000001000000000000001000001
10100000000100000000000000001111111101011111101011
10101010100110111111111101111001000000001001000001
10101010100100010001010000001001000000100001111011
10001110111110000011011010100000001111101001001001
10101010100000010001000010101001000100000001001001
10100000000110000011010000101001100000110011000001
10101010000100010001000000001001000100100001001001
10111011010001111011011000001000000100110011111011
10100010000101001001010000001001101100100001000001
10110000100100000001110111011001000000100001101111
10100010100100001001000010000011111011111111001001
10110111100101001001001000001010010010010001000001
10100000000111001100000010001000000000000011001001
10100000100100000001001110011000010010010001111011
10111110101110000011001000001000000010010001001001
10100000000100010001111101011100110000000011000001
10111111001110111011000000001000000010010001001001
10100000000100010001000000001111101111011111000001
10111111011111111111111110111001001000000001001001
10100000000001010100101010001000000000000001101011
10100000110111000000000010001001001111001100000001
10111001100001000100001011011001001000001000010111
10101000100001101111001110001000000000000001010001
10100000110111000001001010001001001000100001000001
10101000000000001100000011011001001000110011000011
10111001100001000101001010001001001010000001010001
10100000101001101100001000011111111111001111111011
10100000101001000101000010001000000000000001000001
11111111111111111111111111111101011111111111111111
10100101000101000101010000100000001010010000101001
10000001100001100000000000100000100000000010000001
10000001000100000001011010001101101000000000101001
10110011000100011011000000100000101100110100000001
10100000000101000001010000111001101000010000101001
10000000001111000100011000000000000001010100101001
11001111000001100001010000100000101000011101101001
100000010000010001010100001001001010010100001010-11
11111111111111111111111111111111111111111111111111
