3
3
50
50
11111111111111111111111111111111111111111111111111
10100010100100010000000100101001000100100010010001
10110000000000010000000100001001000000110000000001
10000000000110111101101100000000001100100000000011
10100010000100010000100000101001000100100010010001
11110111011111110000000110111111110111111110011111
10100010000010011010000100100000000000101000001001
10000000100010010010100100111011111111100000000001
10000000000000010000100100100000000000101101100001
10110110100010010000100100001111111011101000000001
10100010000010011100111100101001001000111111010111
11111111011110110000000100101001001101101010000001
10001000000000010000000100101000001000100000100001
10001100000000011111000000100001000000001000000111
11011000111001110101000100101101011101111101100001
10001101100000000000000100001000000000100000100001
10001000110110010101000100101000001000111111111011
10000001100000010111001100100011111011101001000001
11000000110110010000000100101000000000100001100001
10001000000010010100000000101000000000100000000101
11101111011111000111111011111111111111110011000001
10000100010101010100100000100010010000100000011011
10000000010100010000000100000110011101100001000001
10010110000101010100100100100000000000111011110111
10010100010101011101101100100010010000101010100001
11011111110000010001000100110110011001100000000001
10001001010101010000001100100000000000001000100001
10000000010001011000000000111110010000111000000111
10101001010101010001000100000010010010100000100001
11111111111111111101111111111111111111111111110111
10000000000101010101001000010100000000000001010001
10000000000100000001001000010110011111111100000011
11011110111101010001001101110100000000100101010001
10001000010111110011001000010001101111100001000001
10001001000101010001001000010101000100100001100111
11000001000100000000001101000000000100001011000101
10000001100000000000001000010101000000100001000001
10001001000100000001001110110101100000111011100001
11101011101110101111111000010101000100100001000001
10000000000100000000001101110111011100000001110011
10000001101100000000001000000101001000110100010001
10011011000110111011111000010100000000100001011011
10010001000100010000101100110101001010100001010001
11111111011110111001101000011111111111111011000011
10000000000100000000000000010010010010001001010001
11111001110000000000001000010000000000000001110011
10101000010100010100101110110000010011000001000001
10000000000110111101100000010010000000001001110011
101010100101000100001010000100100100100010010000-11
11111111111111111111111111111111111111111111111111
