3
3
50
50
11111111111111111111111111111111111111111111111111
10010001001010000000000000010100101010001000100001
10000000000000110111111111110100000000000001100001
10000011000010000010100100010000001000011000111011
10010001001010000000000110000110011010000000100001
11110111101111010110000000010100001010001010100001
10010101000010000000010000111111011111111011110111
10000100000010000010010100010000000100010000100001
10000000000011011010000110110000000100000011100001
11001110101110001010010100011001110000110010101001
10000100101011101110111111110000100100010000111011
10000000000010000010001000000000000100010010100001
10100000101010000000011000010100100110111011100001
11110011111110010010001101111110101100000000111011
10000010100011110011111000010100100001110101100001
11000010000010010010000010110000100101000000100001
10001000000000010010001000010000000100001000100101
11011110000010000000011100110000000101000010110111
10000000011110000010001000011011011101000010100001
10000010000010010010001000010000000101010010110011
11111111011111111111111110111111111111111111100001
10100010010100100010010100001001000000000000100001
10000000000100110110000000111001111111111101110011
10000110010100100000000100000001010101000000000001
10100000010000100011100000000001000000010000111011
10100010000000101010000001001001010000000010101001
11111011111011111110111011111100011011100110100001
10010001000010100000000010100001001001000010101001
10011011000010100001000000001011000001000010101001
10010000010110110000010110100000001001001010111011
10000001010010000001000010100001101111011110100001
10011000000010111111011111111111000000000010100001
10010001000010100100000100000001000000000010110011
10011111001110100100100000000001110101111110100001
10010101000000100100100110110111000000000010111011
10010000000000100000000100100001110111111011101001
10010101010010100100000100001001000000010010100001
11010111111111100111000000000001101101110000101001
10000000100010100100000100101001000000000010111011
11101011110110111110111111111011000010000010100001
10101010100000000100010100100001000000010000110011
10000000110000100110110000100001100110010010000001
10100000100010100000010100000111000010010010101001
11110101110111100100000101100101000000000010100001
10000100000000100100010000100001111101101111101001
11000000000111100000000000100101000100100100111011
10000000100010100100011001111111000000100000101001
10000100110000100110110000000001101100000000100001
100101001000101001000100000000010001001001001010-11
11111111111111111111111111111111111111111111111111
