3
3
50
50
11111111111111111111111111111111111111111111111111
10010000100000000001000010100000000010001010000001
10011011100000000000000000111111110110001011001111
10010000110101111111110000100001000011000000000101
10010000000001001001000000100000001110001010000101
10011001100000000001110101111011000010000010100001
10000000001011001001000000100000000010101010000101
10010000100001101011000000100001010011111011011111
10010010100000000001111001111011111110010000000101
10011011110011010001000000101010101010010000100101
10010000100001000011111001100000000010011101100001
10000000100001010001010000101010001000010000100101
10011111111111010111000010111011011110000101100001
10010000000010010101000010100000000010010000100101
10011011101110010001101000000000000000011111100101
10010010100010000000000010111110011110000000000101
10010010000010000101110110000000000010000000100101
10010010000111001111000010110101111111110110111111
10010010100000001001000000100000000010000010000101
10010000110000000001001000100000000011001111100001
10010000000011011001001101110110111110000010000101
10010010000010001001001000100010100011010000000001
10011111110011111111111111110000100010000010010101
10010000010001000100101010100000000110000011011111
10011100110000001100000000110110100011101000010001
10010100000001000000100010100010100010000010000001
10010000000000000110110110110011100010000010000011
10010000010001101100000010100000000111010110010001
10010100010001000100000000100000100010000010010001
11111111111111111111111101111111111111101111111111
10010000000000101010000000010010001010100101010001
10010000000000101010000010010011000010000001010001
10011111110101101011100110010010000010100101011011
10000100000000101010000000010000110111100111000001
10010000111100001010000010010000000010000000011011
10010100101000101000110111110010000010000001010001
10010100001101101000000101000110111111101011011011
10010000100000101011001100010000100010101001010001
10011001111101100010000001000000000010000001011011
10000000001000101010000000011011110000001001000001
10010000000000001010100101010000100000011111010001
10011101110111101111111111011011111110010001011011
10010101000000101000010001010010100010000011010001
10010000001101101100111011010000100010000001010001
10010000000000100000000001000000110110011011011011
10011011001000101110111000011001100010010000010001
10010001001101101000000001000000000111110011011011
10011011011000101000011000001110000010000001010001
100100000010001010010100010000001000100000010100-11
11111111111111111111111111111111111111111111111111
